Stichus
V 4
684
699

Trinummus
ll

24

25

29

33

37

47

50

51

60

67

71

85

88

91 sq.
94

157

181. 182
186

200

207

209

212

214

215

223 sqq.
234

236

238

242

252

257

260

262
264-275
264-298
277

282

283

287

293

298

309

,η ¹90

1¹³8· Triuummus pag.
107 325 “ 171

54 328 20. 25. 69

82 335 151 sq.

340 152

98 343 101

100 361 25. 69. 75 n. 156.
162 176 sq.

97 363 101

163 364 25. 69

99 368 70

95 376 166

65 382 47 n.

166 388 166
137 394 73
154 398 59 sq.

85 400 103

102 404 72

58. 163 419 171
35. 163. 164 421 171
167 425 101

98 4273. 176

99 438 162. 163

4. 24. 31 446 72
6, 74 448 154
175 sq. 449 71 sq·
44 451 166

6 452 24 sq.

143 456 164
102 463 87 n.

6 466 171

10 n, 470 167
88 485 170

88 492 156

88 494 101

23 sq. 502 176 sq.
5. 88 sq. 508 163
157 525 101

89. 101 552 86
4. 89 558 93
89 560 60. 163

95 640 91

89 649 100

67 651 93. 164

89 652 166

89 659 . 93

89 662 71 sq.

148 673 97

Trinummus νῆα·
681 100
720 152
743 45 sq. 69. 102
744 101
747 25
748—-750 10. 25-27
752 98
765 163. 170
780 103
801 86
826 44
837. 838 171
841 47 n.
IV 2 107
848 100. 176 sq.
849. 850 60
860 164
931 54
1049 166
1050 86
1051 164
1052 156
1053 156
1054 61
1060 100
1062 86
1064 149
1067 147
1068 86. 171
1069 136
1070 101
1071 61
1077 99
1078 19. 60
1188 40 n. 80
Truculentus

111 99
125 157
130 160
181 41 n. 177
184 51. 69
189 101. 102
190 48. 91. 94
197 71
209 157
ΙΙ 1 106. 110. 180
213 168

