¹ 252

Truculentus 9⁸8· Truculentus pag·
224 177 271 22
225 70 273 73
225-227 15 276 102
230 87 j 281 147
231 30. 53 285 164
232 68 287 74. 83
234 178 294 64
239 164 sq. 296 83
245 29 sq. 300 96. 169
246 69 304 147
246--250 12-14. 30 305 95
14 sq. 306 75. 171. 176
256 103 308 165
259 37 sqq. 310 100
261 47. 69. 75. 146 310-312 46 l
262 93 312 75. 176
263 51. 86 359 171
267 70. 95. 145 362 101
268 61. 161 sq. 363 30. 67. 160

191

 

 

Truculentus
366
369
371
374
375
378
380

Ι381

382
385
388
390
454
II 7
577
579
914
Vidularia
II 29

31.

163.

. 146
95.

pag.

100
81
100
51
52
160
90

178
149
169
137

109
109

76
115

