A mphitruo

de scaenarum
titulis

56

187

253

364

409

532

637

964

1070

1075 a

1094

Asina ria
29

54

271

425

786

856

894

Aulularia
105
178
221
381

so. 111 4 titulus

555

sc. lv 4
sc. IV 5
752
Captivi
694

sc. IV 3
911

so. V 2

Index meorum. .

pag.

108 n.
44

47 n.
159
95

47 n.
155
47 n.
44

57 sq.
145
57

33
72
44
102
80
44
102

47 n.
90
72

52 n.

112

23
108
108
155

149
112
47 n
112

Curculio
99
354
648
Casina
prol. 29
52
55
60
62
67
Ι 26
49
ΙΙ 1, 6
15
Π 2, 2
15
Π 3 tit.
Π 3, 33
111 3 tit.
111 4, 1
3
20
28
ΠΙ 5, 12
14
15
18
21
ΙΙΙ 6, 1
18
19
21
24
IV 4, 15
17
25

pag· 1 Casina

102
44
57

98

67

67
166
67
166
67

31
163
16 sq.
91

96
108
85
108
67

72

92

68
157
59

91
59. 91
156
87
50. 69
87

87
178
92 sq.
178
39 n.

V 2, 4
8
V 4, 5
epil. 5
7

Cistellaria
ΙΙ 1, 42
II 2. 3 tit.
IV 1. 2 tit.
V 1 tit.
Epidicus
1

5

21

24
64-67
80 sqq.
108
109—111
138

151

162

165

171

217

225

235

238

250

282

455

456

462

475

487

488

pag.
70. 95
87

148

91

102

17. 67
109
109
109

156
144
17

93
126
111
147
130
90 sq.
146
96

52 sq.
47 n.
57

91

50 n.
166

92
93
154
70
117
78

71

