Miles gloriosus

566
567
569
592
686
688
690
700
724
745
747
807

. 928

930
933 sqq.
1015
1045
1133
1138
1142
1150
1166
1180
1184
1190

Mercator
I 1 tit.
I 2 tit.
136

251

256

259

260

264

267. 268
271
274-276
275

278
300. 301
303

308

309

310

314

319

397

pag.
68

138

71

99

20. 61
71

61. 100
68

53 n. 80
138
62.170
70

152 sq.
147
116

55

67

145

18

62

56

87 n. 1
21

67

54

108

108

59

139

55 sqq.
156

20. 55 sqq.
171

75. 132 sqq.

44 sq.
171
164

79
165

37
45. 68

139
37

 

Mercator 1²³8- ’
400 537
444 98
464 142
474 95
475 160
480 84
488 10
490 178
507 99
512 68
516 95
518 99
521 138
530 84
533. 534 19 sq. 60. 171
544 166
547. 548 135 sq.
553 96
555 132
615 174
IV 4 tit. 108
757 93
765 75
767 80 ¹
781 99
V 2 tit. 108
919 44
1012 98
Pseudulus Ι
prol. 1 142
3. 4 91
24 39
36 156
43 150
52 169
66a 128 sq.
77 71
85 20. 63 sq.
86 101
91 101
93 101
102 48
131 67
133 156
Ι 2 105
138-140 9-12. 15. 26
144 156

Pseudulus

153
156
157
185
189
191
194
21⁸1
214
218
220
223
Ι 3
229
232
263
276
298
301
307
315
321
330
361
372
375
3 76
377
3 78
379
382
383
385
389
390-392
397
398
404
414
421
432
433
436
446
451
534

pag.

10. 24. 42. 51

120
148
69

28 sq.
10 sq.
16

47 n.
102
159
103
74
113
101
95
101
103
177
92

99
159
20. 33. 73
145
74

98

75
140
92

32

95

32

73

82
143
78
34--36 167
45. 69. 160
177
51. 69
94. 145
158
82

39 sq. 65. 91

178
161
39 sq. 65
178

