v487

189

Persa 1⁷³8· Stichus 9³13· Stichus 1138-
387 68 73 43 340. 341 151
391 68 77—81 89 342 63. 81
392 66 82 43 345 99
400 165 89 96 348. 349. 350. 355 102
401 65 90 80 356 99
406 100 91 38 363 99
408 46 94 157 365 99
417 164 106 178 372 65
420 102 120 95 373 78
446 161 133 165 375, 376 145
459-461 76 140 75 385 68
480 99 144 48 387 122. 130

146 146 86 392 177
495 77 149 91 393 40 sq. 106
498 76 154 3711. 396 70
511 156 1 3 108 111 1 103
515. 516 144 158 20 411 171
522 150 162 171 423-430 122 sq. 130
523 ¹0ss 1⁶3 14ss 441—445 123 sq. 130
563 99 166 140 451 20· 36
576 76 171 91 111 2 103
593 178 180 99 455 157
597 139 197 68 493 ' 54 gq
605 sqq. 126 202 5911. 504 99'
609 149 206 68 IV 1 108
700 70 237 153. 155 n. 1 523 4711, 94
⁷06 54 241 95 535 121. 130
709 157 256 92 537 30
7¹2} „ 96 261 64 lv 2 108
725-‹30 128 271 53 579 72
se. IV 9 114 275 78 587 81
Rudens 277 99 588 171
573 164 280 96 590. 591 124
795 172 297 158 594 10, 28
Stichus 299 10· 26 597 19
1 1 tit. 106. 107 305 101 598 74
1 sqq. 6 306 148 606 39 n.
4 64 310 156 622 171
8 71 314· 315 17 sq· 624 41. 51. 69
48-57 121. 130. 182 11 2 105.106.107. 108 632 3 sq. 134 sq.
Ι 2 107 328 102 636 66. 67
64 18 331 85 640 136 sq.
66 80 334 99 V 1 108

