Epidicus 1³⁸ss-
503 160
505 98
506 67
513 65
517 46 sq.
518-520 136
IV 1 tit. 107
545 98
571 55 ῐι.
597-599 127 n. 2
601 92
604 156
606 48 sqq. 69. 166
614 65. 87
616 46
620 20 sq. 155
621 146 sq.
624 151
658 46
681 47
685 86
733 142
Bacchides

154 98
254 98
278 sq. 47 n. 57
385 54
477 84
496 85
497 101
502 79
506 150
507. 5073 54. 132
512 sqq. 75. 131
519 68 sq. 151
sc. Ill ι’). 6 114
528 146
529 91. 145
540-551 121
sc. IV l. 2 115
583 115
593 69
626 33 n.
725 115 n.
sc. IV 5 114
783 80
898 94

Bacchides
947
948
949
974

Mostellaria
420

488

583
606. 607
657

671

676

679

687

713

748
760. 761
763

765

783 sqq.
785

786

793

795

Menaechmi
8

119

176

180

195

207

226

246

257

264

265

301

341
453-458
478

52 l

557

587

690

825

876 - 888

λ 936

pag.
96 sq.
150
171
43

115

178 sq.
171
65. 84
152
144
143
72. 99
84

173 sqq.
178
46. 49
114

99
42 sq. 69
101

75
163. 170

99
150
169
165

68
170

74. 170

95

95
126

127 n.

95
145
147

92

112Π.

99,

Menaechmi

1035
1046

pne.
99
149

Miles gloriosus

24

30

36

40

49

52

66

1 14
156
157
160
170
182
201
206
208
209
21 1
228
263
265
266
271
288
357
365
370
373
374
377
379

382
385
389
392
394
397
410
444
474
488-490
554
560

3. 76. 174
101

74. 100
165

86. 87 n.
92

86

94

70

167

70

67

74. 87 n.
102

71

93

153

71

87 n. 1
58

167
151

71

57

87

66. 100
44

166
172 sq.
67

98

97

86

71. 97
166

97

100

86. 102
156

89

143

95

146

71

